      0/99     5.21G    0.1226   0.03017         0    0.1528        79       640  0.004307    0.2222  0.001327 0.0003379   0.08325    0.0219         0
      1/99     5.21G    0.1223      0.03         0    0.1523        81       640  0.004531    0.2222  0.001313 0.0003078   0.08286   0.02183         0
      2/99     5.21G    0.1278    0.0271         0    0.1549        66       640  0.004457    0.2222  0.001686 0.0003649    0.0824   0.02163         0
      3/99     5.21G    0.1243      0.03         0    0.1543        82       640  0.004983    0.2222  0.001999 0.0002454   0.08174   0.02138         0
      4/99     5.21G    0.1159   0.02976         0    0.1457        80       640  0.007042    0.3333  0.003609 0.0003958   0.08074   0.02117         0
      5/99     5.21G   0.09746   0.02756         0     0.125        58       640  0.006382    0.4444  0.003895 0.0007032   0.07915   0.02107         0
      6/99     5.21G    0.1177   0.02735         0     0.145        70       640  0.008854    0.5429  0.005606 0.0009951   0.07722   0.02112         0
      7/99     5.21G     0.111   0.02989         0    0.1409        67       640  0.008524    0.3333  0.005499  0.001585   0.07414   0.02158         0
      8/99     5.21G     0.112   0.02691         0    0.1389        61       640    0.0106    0.2222   0.00479  0.001493   0.07122   0.02179         0
      9/99     5.21G   0.09838    0.0307         0    0.1291        73       640   0.02807    0.3333   0.01295  0.002818   0.06984   0.02187         0
     10/99     5.21G     0.107   0.03061         0    0.1376        69       640   0.08297    0.1111    0.0278  0.005845   0.06853    0.0214         0
     11/99     5.21G   0.09174   0.03442         0    0.1262        74       640    0.1636    0.1111   0.04409   0.01127   0.06667   0.02088         0
     12/99     5.21G   0.09626   0.02797         0    0.1242        71       640    0.2327    0.1111   0.05551   0.01352   0.06395    0.0207         0
     13/99     5.21G   0.07366   0.02807         0    0.1017        67       640    0.3289    0.1111   0.08314   0.01973   0.06182   0.02046         0
     14/99     5.21G   0.08657    0.0315         0    0.1181        79       640    0.1729    0.2102    0.1043   0.02732   0.05952   0.02048         0
     15/99     5.21G   0.07663   0.02862         0    0.1052        68       640    0.2448    0.2169    0.1133   0.03138   0.05767   0.02037         0
     16/99     5.21G   0.08281   0.03568         0    0.1185        92       640    0.2376    0.2222    0.1166   0.03161    0.0559    0.0203         0
     17/99     5.21G   0.07453   0.03738         0    0.1119        89       640    0.2484    0.2222     0.136   0.03497   0.05457   0.02009         0
     18/99     5.21G   0.07488    0.0334         0    0.1083        74       640    0.1393    0.7778    0.2293   0.04188    0.0531   0.01997         0
     19/99     5.21G   0.05964   0.03514         0   0.09478        86       640    0.2212    0.4444    0.1801   0.03485    0.0528   0.01978         0
     20/99     5.21G   0.06528   0.03143         0   0.09672        80       640    0.2485    0.5556    0.2009   0.04261   0.05231   0.01955         0
     21/99     5.21G   0.07892   0.03362         0    0.1125        74       640    0.2499    0.5556    0.2304   0.04945   0.05263   0.01901         0
     22/99     5.21G   0.06811   0.03792         0     0.106        88       640    0.2689    0.5556    0.2205   0.04465   0.05121   0.01891         0
     23/99     5.21G   0.06476   0.03327         0   0.09804        80       640    0.1859    0.3333    0.1529   0.03844   0.04917   0.01914         0
     24/99     5.21G   0.06626   0.03507         0    0.1013        79       640    0.2067    0.5556    0.1679   0.04949   0.04857   0.01913         0
     25/99     5.21G    0.0641   0.03456         0   0.09866        81       640    0.3051    0.3333    0.2093   0.05993   0.04754   0.01902         0
     26/99     5.21G   0.07395   0.03281         0    0.1068        68       640    0.3331    0.3331    0.2205   0.06579   0.04641   0.01889         0
     27/99     5.21G   0.06899   0.03513         0    0.1041        90       640    0.4984     0.442    0.3225   0.08153   0.04395   0.01883         0
     28/99     5.21G   0.05954   0.03089         0   0.09043        81       640    0.3989    0.5556    0.3879    0.1129    0.0421    0.0187         0
     29/99     5.21G   0.06848   0.03171         0    0.1002        79       640     0.634    0.6667    0.6224    0.2006   0.03801   0.01886         0
     30/99     5.21G   0.06669   0.03217         0   0.09887        84       640    0.7477    0.6667    0.5951    0.2028   0.03855    0.0185         0
     31/99     5.21G   0.07096   0.03657         0    0.1075        81       640    0.5254    0.6667    0.5565     0.157   0.04053   0.01844         0
     32/99     5.21G   0.06765   0.03343         0    0.1011        94       640    0.6534    0.6667    0.6208    0.1973   0.03786    0.0185         0
     33/99     5.21G   0.05028   0.03427         0   0.08456        63       640    0.5992    0.6648    0.6062    0.1991   0.03727   0.01827         0
     34/99     5.21G   0.06477    0.0303         0   0.09507        67       640    0.4997    0.6659    0.5796    0.1996   0.03683   0.01781         0
     35/99     5.21G   0.07127   0.03142         0    0.1027        82       640    0.6168    0.5556     0.601    0.2128   0.03457   0.01768         0
     36/99     5.21G   0.06056    0.0329         0   0.09346        85       640    0.7087    0.5426     0.657    0.3353   0.03556   0.01729         0
     37/99     5.21G   0.06196   0.02959         0   0.09155        67       640    0.8257    0.5556    0.7131    0.2962   0.03488   0.01704         0
     38/99     5.21G   0.06168   0.03189         0   0.09357        86       640    0.8219    0.5556    0.7117    0.2587   0.03438   0.01663         0
     39/99     5.21G     0.045   0.03163         0   0.07663        66       640    0.5876    0.6667    0.6917     0.278   0.03297   0.01638         0
     40/99     5.21G    0.0588    0.0382         0   0.09699        93       640    0.7114    0.5556     0.669    0.2474   0.03282    0.0161         0
     41/99     5.21G    0.0611   0.02972         0   0.09082        70       640     0.826    0.5556    0.7441    0.3219   0.03186   0.01589         0
     42/99     5.21G   0.04823   0.03195         0   0.08018        69       640    0.4729    0.9969    0.7158    0.2536   0.03082   0.01572         0
     43/99     5.21G   0.05334   0.02785         0   0.08118        78       640    0.6148     0.887    0.7447    0.3475   0.03207   0.01567         0
     44/99     5.21G   0.05709   0.03205         0   0.08914        74       640     0.699    0.7778    0.7949    0.4052   0.03095   0.01569         0
     45/99     5.21G   0.05463   0.02845         0   0.08308        69       640    0.7383    0.6667    0.7764     0.403   0.03058   0.01561         0
     46/99     5.21G    0.0598   0.03638         0   0.09618       100       640         1    0.5549    0.8135    0.3824   0.02927   0.01543         0
     47/99     5.21G   0.04576   0.02693         0   0.07269        63       640    0.7774    0.7778    0.8233    0.4066   0.02808   0.01575         0
     48/99     5.21G   0.06187   0.02991         0   0.09179        74       640    0.8724    0.7778    0.8429    0.4121   0.02712   0.01565         0
     49/99     5.21G   0.05519   0.02969         0   0.08489        87       640    0.8747    0.7778    0.8346    0.4494   0.02473   0.01542         0
     50/99     5.21G   0.06167   0.02601         0   0.08768        73       640     0.875    0.7778     0.873    0.4314   0.02401   0.01517         0
     51/99     5.21G   0.05129   0.02887         0   0.08015        73       640    0.8744    0.7778    0.8688    0.3435   0.02491   0.01515         0
     52/99     5.21G   0.05253   0.02718         0   0.07972        76       640    0.7775    0.7767    0.7659    0.2791   0.02648   0.01499         0
     53/99     5.21G   0.05015   0.02868         0   0.07884        81       640    0.7487    0.6667    0.7243    0.2751   0.02801   0.01492         0
     54/99     5.21G   0.04551   0.03075         0   0.07626        89       640    0.7498    0.6661    0.6829    0.2253   0.03036    0.0146         0
     55/99     5.21G   0.05109   0.02788         0   0.07897        79       640    0.6132    0.8814    0.6996    0.2568   0.03037   0.01444         0
     56/99     5.21G   0.05069   0.02593         0   0.07662        76       640    0.7775    0.7768    0.7235    0.3122   0.02892   0.01421         0
     57/99     5.21G   0.04752   0.02833         0   0.07585        92       640    0.6416     0.995    0.7855    0.3835   0.02476   0.01377         0
     58/99     5.21G   0.04011   0.02799         0    0.0681        71       640    0.5998         1    0.7805    0.3821   0.02269   0.01326         0
     59/99     5.21G   0.04015   0.02583         0   0.06598        65       640     0.817         1     0.935    0.4972   0.02206   0.01311         0
     60/99     5.21G   0.05325   0.02619         0   0.07943        79       640     0.818    0.9989    0.9413     0.591   0.02104   0.01292         0
     61/99     5.21G   0.04601   0.02665         0   0.07265        82       640         1    0.7769    0.9392    0.5428   0.02074    0.0128         0
     62/99     5.21G   0.04233   0.02161         0   0.06394        57       640    0.8181    0.9997     0.955    0.5779   0.02078   0.01254         0
     63/99     5.21G   0.04287   0.02163         0    0.0645        59       640    0.8887    0.8876     0.949    0.4824   0.02198   0.01233         0
     64/99     5.21G   0.04714   0.02634         0   0.07348        79       640    0.9993    0.7778    0.9392    0.5576   0.02121   0.01231         0
     65/99     5.21G    0.0327    0.0256         0    0.0583        85       640    0.9997    0.7778    0.9392    0.5236   0.01992   0.01231         0
     66/99     5.21G   0.04709    0.0288         0   0.07589        81       640    0.8181    0.9994    0.9628    0.5782   0.01992    0.0122         0
     67/99     5.21G   0.04049    0.0247         0   0.06519        81       640    0.8177         1    0.9628    0.4554   0.01998   0.01214         0
     68/99     5.21G    0.0408   0.02498         0   0.06578        65       640       0.9    0.9998     0.973    0.5067   0.01916   0.01205         0
     69/99     5.21G   0.04151   0.02502         0   0.06653        79       640    0.9985    0.7778    0.9312    0.5342   0.01836   0.01197         0
     70/99     5.21G   0.04842   0.02708         0    0.0755        89       640    0.8177         1    0.9628    0.6662   0.01671   0.01172         0
     71/99     5.21G   0.05461   0.02243         0   0.07704        58       640         1    0.8886     0.975    0.6335   0.01908   0.01132         0
     72/99     5.21G   0.04301   0.02154         0   0.06455        66       640       0.8    0.8889    0.9117    0.5389   0.02022   0.01122         0
     73/99     5.21G   0.04043   0.02473         0   0.06517        79       640    0.8181    0.9993    0.9261    0.5489   0.01948   0.01102         0
     74/99     5.21G   0.03974   0.02524         0   0.06499        71       640    0.8999    0.9995     0.984    0.6072   0.01999   0.01083         0
     75/99     5.21G   0.03301   0.02422         0   0.05723        78       640         1    0.8887    0.9675    0.6176   0.01949   0.01095         0
     76/99     5.21G   0.03815   0.02176         0   0.05991        64       640         1    0.8887    0.9675    0.5913     0.019   0.01106         0
     77/99     5.21G   0.04808   0.02246         0   0.07054        64       640    0.8886    0.8889    0.9431     0.492    0.0203   0.01227         0
     78/99     5.21G   0.04922   0.02596         0   0.07517        84       640    0.8889    0.8888    0.9034    0.6034   0.01971   0.01275         0
     79/99     5.21G   0.03901   0.02428         0   0.06328        84       640    0.8889    0.8886    0.9188    0.6706   0.01806   0.01244         0
     80/99     5.21G   0.03081    0.0233         0   0.05411        76       640    0.8887    0.8889    0.9156    0.5804   0.01955   0.01221         0
     81/99     5.21G    0.0484   0.02011         0   0.06851        58       640       0.9    0.9998     0.984    0.7159   0.01867    0.0112         0
     82/99     5.21G   0.04458   0.02616         0   0.07075        70       640    0.8878    0.8889     0.949    0.5725   0.02045   0.01059         0
     83/99     5.21G   0.03986   0.02322         0   0.06308        84       640         1    0.8886    0.9675    0.6077   0.02017   0.01058         0
     84/99     5.21G   0.03553   0.02549         0   0.06102        72       640    0.9998    0.8889    0.9675    0.5638   0.02201   0.01056         0
     85/99     5.21G    0.0368   0.02678         0   0.06358        72       640         1    0.8889    0.9675    0.6382   0.02181   0.01047         0
     86/99     5.21G     0.041   0.02342         0   0.06442        86       640    0.8983         1     0.984    0.6645   0.02028   0.01023         0
     87/99     5.21G   0.03859   0.02459         0   0.06318        74       640         1    0.9998     0.995    0.6988    0.0184   0.01013         0
     88/99     5.21G   0.04352   0.02222         0   0.06574        83       640         1         1     0.995    0.7499   0.01949  0.009944         0
     89/99     5.21G   0.03635   0.03003         0   0.06638        95       640         1    0.9998     0.995    0.7327   0.01941  0.009852         0
     90/99     5.21G   0.03746   0.02325         0   0.06071        76       640         1    0.9997     0.995     0.716   0.01859  0.009878         0
     91/99     5.21G   0.03662   0.02305         0   0.05967        86       640         1    0.9998     0.995    0.6876   0.01921  0.009846         0
     92/99     5.21G   0.04423    0.0235         0   0.06773        66       640         1    0.9996     0.995    0.7128   0.01896  0.009745         0
     93/99     5.21G   0.04693   0.02037         0   0.06729        67       640    0.9999         1     0.995    0.7137   0.01942  0.009745         0
     94/99     5.21G   0.03914   0.02081         0   0.05996        77       640         1    0.9998     0.995    0.7055   0.01973  0.009704         0
     95/99     5.21G   0.04285   0.02326         0    0.0661        83       640    0.8991         1     0.984    0.6701   0.02012    0.0103         0
     96/99     5.21G   0.03701   0.02113         0   0.05814        63       640    0.9999         1     0.995    0.6624   0.02218    0.0101         0
     97/99     5.21G   0.03929   0.01986         0   0.05915        69       640    0.9997         1     0.995    0.6599   0.02222  0.009834         0
     98/99     5.21G   0.04114   0.02151         0   0.06264        87       640    0.9997         1     0.995    0.6351   0.02057   0.01005         0
     99/99     5.21G   0.02788   0.02163         0   0.04951        78       640    0.9998         1     0.995    0.6169   0.02019   0.01003         0
