     0/149     6.97G    0.1012   0.03086         0    0.1321       200       640    0.1015    0.2083   0.05712  0.008855   0.04537    0.0152         0
     1/149     6.97G   0.06802   0.03261         0    0.1006       199       640    0.5632    0.4167    0.4543     0.152   0.03659    0.0137         0
     2/149     6.97G   0.05489   0.02854         0   0.08342       192       640    0.6181     0.708    0.6689    0.2655   0.03112   0.01141         0
     3/149     6.97G   0.04686     0.024         0   0.07086       201       640    0.4635    0.6667     0.535    0.2945   0.02676  0.009247         0
     4/149     6.97G    0.0434   0.02197         0   0.06537       187       640    0.7555    0.7083    0.7778    0.3853   0.02181  0.008643         0
     5/149     6.97G   0.03941   0.02045         0   0.05985       205       640    0.7121     0.979    0.8773    0.6627   0.01798  0.006534         0
     6/149     6.97G   0.03912   0.01927         0   0.05838       232       640     0.714     0.936    0.7899    0.4046   0.02346   0.00839         0
     7/149     6.97G   0.03542   0.01777         0   0.05319       202       640    0.8725         1    0.9584    0.7038   0.02238  0.005657         0
     8/149     6.97G   0.03426   0.01711         0   0.05137       187       640    0.9412    0.9999    0.9834    0.6863     0.015  0.004589         0
     9/149     6.97G   0.03517   0.01608         0   0.05125       201       640    0.9412    0.9997    0.9878    0.6393   0.02219  0.005102         0
