      0/14     6.97G    0.1012   0.03086         0    0.1321       200       640    0.1015    0.2083   0.05712  0.008855   0.04537    0.0152         0
      1/14     6.97G   0.06781   0.03275         0    0.1006       199       640    0.6276    0.4583    0.5564    0.1804   0.03332   0.01393         0
      2/14     6.97G   0.05423    0.0286         0   0.08282       192       640     0.633    0.7292     0.709     0.351   0.02911   0.01202         0
      3/14     6.97G   0.04726   0.02422         0   0.07147       201       640    0.5641    0.9166      0.65    0.3132    0.0312  0.008829         0
      4/14     6.97G   0.04301   0.02249         0    0.0655       187       640    0.9005    0.9583    0.9458    0.6333   0.02292  0.007683         0
      5/14     6.97G   0.03979   0.02069         0   0.06048       205       640    0.8459    0.9167    0.8949    0.5283   0.02455  0.006735         0
      6/14     6.97G   0.03717   0.01948         0   0.05665       232       640    0.5905     0.875    0.7478    0.4567   0.02626  0.005852         0
      7/14     6.97G   0.03431     0.018         0   0.05231       202       640    0.8111    0.8958    0.8952    0.6867    0.0219  0.005509         0
      8/14     6.97G   0.03225   0.01755         0   0.04979       187       640    0.9412         1    0.9686    0.6866   0.01629  0.005391         0
      9/14     6.97G   0.03041   0.01651         0   0.04693       201       640    0.9592    0.9791     0.979    0.5743   0.01942  0.005371         0
     10/14     6.97G   0.02946   0.01617         0   0.04563       205       640      0.96    0.9999    0.9868    0.8132   0.01372  0.004347         0
     11/14     6.97G   0.02762   0.01588         0   0.04349       225       640      0.96         1    0.9922     0.859   0.01066  0.004037         0
     12/14     6.97G   0.02589   0.01509         0   0.04099       181       640    0.9796         1    0.9939    0.8548   0.01171  0.003961         0
     13/14     6.97G    0.0247    0.0149         0    0.0396       206       640    0.9795         1    0.9936    0.8644   0.01068  0.003779         0
     14/14     6.97G   0.02512   0.01436         0   0.03948       200       640    0.9996         1    0.9952    0.8501   0.00991  0.003521         0
