      0/35      5.2G     0.103   0.02811         0    0.1311        48       640   0.00287    0.3333  0.001295 0.0002049   0.08166    0.0226         0
      1/35      5.2G    0.1232   0.02814         0    0.1513        51       640  0.002994    0.3333  0.001056  0.000166   0.08159   0.02257         0
      2/35      5.2G    0.1266   0.02796         0    0.1546        49       640  0.003627    0.4444  0.001959 0.0002592   0.08098   0.02238         0
      3/35      5.2G    0.1006   0.03042         0     0.131        65       640  0.005023    0.2222  0.001599 0.0002588   0.08008   0.02224         0
      4/35      5.2G    0.1199   0.03123         0    0.1511        65       640    0.0061    0.2222  0.001848 0.0003542    0.0791    0.0221         0
      5/35      5.2G    0.1221   0.03119         0    0.1533        58       640  0.004787    0.1111  0.002007 0.0005609   0.07768   0.02203         0
      6/35      5.2G    0.1172   0.02873         0    0.1459        56       640  0.005877    0.1111  0.002882 0.0007771   0.07646   0.02191         0
      7/35      5.2G    0.1121   0.03241         0    0.1445        64       640  0.006916    0.1111  0.004403 0.0009276   0.07477   0.02183         0
      8/35      5.2G    0.1164   0.02999         0    0.1464        57       640  0.009286    0.1111  0.004092  0.001131   0.07315   0.02173         0
      9/35      5.2G    0.1101   0.02945         0    0.1395        47       640   0.01211    0.1111  0.004023  0.001256   0.07203    0.0215         0
     10/35      5.2G    0.1106   0.02824         0    0.1388        49       640   0.01622    0.1111  0.005285  0.001465   0.07113    0.0213         0
     11/35      5.2G    0.1051   0.03275         0    0.1379        50       640   0.02226    0.1111  0.006835  0.001714   0.07115   0.02091         0
     12/35      5.2G    0.1021   0.02636         0    0.1284        47       640   0.03218    0.1108  0.008125   0.00209   0.07032   0.02067         0
     13/35      5.2G    0.1086   0.02646         0    0.1351        45       640    0.0595    0.1058   0.01254  0.004511   0.06917    0.0206         0
     14/35      5.2G   0.06925   0.03384         0    0.1031        69       640   0.05378    0.1076   0.01206  0.003351    0.0675   0.02029         0
     15/35      5.2G   0.08079   0.03035         0    0.1111        55       640    0.1102    0.1111   0.02239  0.005485   0.06652   0.01993         0
     16/35      5.2G   0.08361   0.03114         0    0.1147        54       640   0.09046    0.1111   0.02591  0.006314   0.06523   0.01968         0
     17/35      5.2G   0.08731   0.03214         0    0.1195        54       640   0.08962    0.1111   0.02928  0.007425   0.06444    0.0197         0
     18/35      5.2G   0.08115   0.03392         0    0.1151        59       640   0.09967    0.1107   0.03578  0.009611   0.06316   0.01971         0
     19/35      5.2G   0.07902   0.03061         0    0.1096        57       640    0.0974    0.2222   0.04903   0.01452     0.062   0.01954         0
     20/35      5.2G   0.08913   0.03535         0    0.1245        72       640    0.1496    0.2222   0.06555   0.01554   0.06087   0.01945         0
     21/35      5.2G   0.08893   0.03184         0    0.1208        50       640    0.1363    0.2222   0.07831   0.02068   0.05958   0.01925         0
     22/35      5.2G   0.07762   0.03477         0    0.1124        55       640     0.199    0.2222   0.09428   0.02368   0.05869   0.01916         0
     23/35      5.2G    0.0825   0.03514         0    0.1176        65       640    0.1973    0.2222   0.08988   0.02509   0.05784   0.01903         0
     24/35      5.2G   0.08917   0.03163         0    0.1208        54       640    0.2828    0.2195    0.1072   0.03317   0.05761   0.01887         0
     25/35      5.2G   0.07743   0.03523         0    0.1127        60       640    0.3258    0.2222    0.1132   0.03373   0.05669   0.01865         0
     26/35      5.2G   0.06409   0.03534         0   0.09943        57       640     0.333    0.2222    0.1263    0.0361   0.05613   0.01853         0
     27/35      5.2G   0.07964   0.02976         0    0.1094        54       640     0.328    0.2222    0.1278   0.03025   0.05526   0.01856         0
     28/35      5.2G   0.07053   0.03232         0    0.1028        59       640    0.3943    0.2222    0.1441   0.03471   0.05507   0.01836         0
     29/35      5.2G   0.06663   0.03059         0   0.09722        52       640    0.3659    0.2222     0.151   0.03718    0.0548   0.01825         0
     30/35      5.2G   0.07091   0.03447         0    0.1054        70       640    0.2826    0.2222    0.1391   0.03448   0.05465   0.01816         0
     31/35      5.2G   0.07619   0.03324         0    0.1094        55       640    0.2697    0.2222    0.1613   0.04115   0.05461   0.01804         0
     32/35      5.2G   0.06979   0.03217         0     0.102        64       640    0.3451    0.6667    0.2899    0.0564   0.05406   0.01829         0
     33/35      5.2G   0.08245    0.0362         0    0.1187        50       640    0.3076    0.6667    0.2418   0.04749   0.05439   0.01835         0
     34/35      5.2G   0.07697   0.03083         0    0.1078        49       640    0.2719    0.6667    0.2494   0.04847    0.0549   0.01825         0
     35/35      5.2G   0.07124   0.03554         0    0.1068        70       640      0.35    0.4444    0.2583   0.04956   0.05583   0.01812         0
