      0/59     5.21G    0.1226   0.03017         0    0.1528        79       640  0.004307    0.2222  0.001327 0.0003379   0.08325    0.0219         0
      1/59     5.21G    0.1224      0.03         0    0.1524        81       640  0.004527    0.2222  0.001629 0.0003708   0.08286   0.02182         0
      2/59     5.21G    0.1278    0.0271         0    0.1549        66       640  0.004467    0.2222  0.001692 0.0003661    0.0824   0.02163         0
      3/59     5.21G    0.1243      0.03         0    0.1543        82       640  0.004979    0.2222  0.001999 0.0002454   0.08174   0.02137         0
      4/59     5.21G    0.1159   0.02976         0    0.1456        80       640  0.007026    0.3333  0.003606 0.0003954   0.08074   0.02117         0
      5/59     5.21G   0.09746   0.02756         0     0.125        58       640  0.005778    0.3333  0.003828  0.000695   0.07919   0.02106         0
      6/59     5.21G    0.1177   0.02734         0     0.145        70       640  0.008336    0.5556  0.005462  0.001024   0.07805   0.02116         0
      7/59     5.21G    0.1125   0.02978         0    0.1423        67       640  0.007432    0.1111  0.003832  0.001106   0.07521   0.02158         0
      8/59     5.21G    0.1142   0.02688         0    0.1411        61       640   0.01007    0.2222  0.006355  0.001601   0.07231   0.02181         0
      9/59     5.21G   0.09911   0.03066         0    0.1298        73       640   0.01767    0.3333  0.008585  0.001947    0.0699   0.02167         0
     10/59     5.21G    0.1072   0.03059         0    0.1378        69       640   0.04859    0.3333   0.02108  0.006095   0.06873   0.02121         0
     11/59     5.21G   0.09146    0.0346         0    0.1261        74       640     0.166    0.1111   0.04325   0.01159   0.06753   0.02053         0
     12/59     5.21G   0.09449    0.0281         0    0.1226        71       640    0.2475    0.1111   0.05715   0.01542   0.06588    0.0203         0
     13/59     5.21G   0.07476   0.02801         0    0.1028        67       640    0.3319    0.1111   0.07299   0.02076   0.06299   0.02048         0
     14/59     5.21G    0.0867   0.03164         0    0.1183        79       640    0.3305    0.1111   0.08285   0.02061   0.06055   0.02031         0
     15/59     5.21G   0.07844   0.02837         0    0.1068        68       640    0.1584    0.2222    0.1038   0.02766   0.05893   0.02004         0
     16/59     5.21G   0.08377   0.03581         0    0.1196        92       640    0.1227    0.2178   0.08392   0.02212   0.06065   0.01956         0
     17/59     5.21G   0.07585   0.03731         0    0.1132        89       640    0.2445    0.2222    0.1092   0.02447   0.06126    0.0188         0
     18/59     5.21G   0.07468   0.03337         0     0.108        74       640    0.3923    0.2222     0.143   0.03462    0.0604   0.01833         0
     19/59     5.21G   0.05941   0.03511         0   0.09452        86       640     0.492    0.2222     0.226   0.05299   0.05943   0.01798         0
     20/59     5.21G   0.06594   0.03149         0   0.09743        80       640    0.4868    0.2222    0.2512   0.05036   0.05633   0.01802         0
     21/59     5.21G   0.07986   0.03358         0    0.1134        74       640     0.289    0.3333    0.2225    0.0425   0.05263   0.01835         0
     22/59     5.21G    0.0684   0.03769         0    0.1061        88       640    0.3301    0.3333    0.2802   0.05486   0.05092   0.01822         0
     23/59     5.21G   0.06438   0.03332         0    0.0977        80       640    0.3319    0.3333    0.2755   0.06835   0.04992   0.01814         0
     24/59     5.21G   0.06759   0.03508         0    0.1027        79       640    0.4641    0.3333     0.306    0.0894   0.04911   0.01822         0
     25/59     5.21G   0.06682   0.03416         0     0.101        81       640    0.4436    0.4444    0.2895    0.0644   0.04933   0.01815         0
     26/59     5.21G   0.07535   0.03259         0    0.1079        68       640    0.4916    0.4444     0.357   0.09544   0.05003     0.018         0
     27/59     5.21G   0.06882   0.03455         0    0.1034        90       640    0.4997    0.6659    0.3725   0.08029   0.04927   0.01802         0
     28/59     5.21G   0.06051   0.03065         0   0.09116        81       640    0.5454    0.6666      0.44   0.09622   0.04756   0.01807         0
     29/59     5.21G   0.07153   0.03165         0    0.1032        79       640    0.4965    0.6667    0.4429    0.1341   0.04729   0.01807         0
     30/59     5.21G     0.068   0.03207         0    0.1001        84       640    0.6176    0.5402    0.5318    0.1674    0.0459   0.01798         0
     31/59     5.21G   0.07307   0.03622         0    0.1093        81       640    0.6155    0.5359    0.5847    0.2018   0.04542   0.01778         0
     32/59     5.21G   0.06768   0.03336         0     0.101        94       640    0.8259    0.5556    0.6672    0.2456   0.04324   0.01742         0
     33/59     5.21G   0.05601   0.03431         0   0.09032        63       640    0.7492    0.6643    0.7205    0.2837   0.04119   0.01729         0
     34/59     5.21G   0.06798   0.03045         0   0.09842        67       640         1    0.6412     0.764    0.3149   0.04018   0.01722         0
     35/59     5.21G   0.07193   0.03175         0    0.1037        82       640    0.9821    0.6667    0.7577    0.2911   0.03923   0.01713         0
     36/59     5.21G    0.0631   0.03307         0   0.09617        85       640    0.9971    0.6667    0.7793    0.3076   0.03835   0.01717         0
     37/59     5.21G   0.06564   0.02992         0   0.09555        67       640    0.6339    0.7778       0.7    0.2081   0.03692    0.0174         0
     38/59     5.21G   0.06604   0.03218         0   0.09823        86       640    0.8566    0.6643    0.7646    0.2446   0.03512   0.01722         0
     39/59     5.21G   0.04797   0.03244         0   0.08041        66       640    0.8234    0.5556    0.6957    0.2691   0.03393   0.01697         0
     40/59     5.21G   0.06106   0.03932         0    0.1004        93       640    0.8245    0.5556    0.6735    0.2805   0.03363   0.01689         0
     41/59     5.21G   0.06249   0.03061         0   0.09309        70       640    0.9973    0.5556    0.7119    0.2555   0.03348   0.01688         0
     42/59     5.21G   0.05216   0.03348         0   0.08564        69       640    0.7486    0.6622    0.6841    0.2337   0.03367   0.01674         0
     43/59     5.21G   0.05515   0.02908         0   0.08422        78       640    0.9748    0.4444    0.6357    0.2325   0.03433   0.01662         0
     44/59     5.21G   0.06074   0.03362         0   0.09435        74       640    0.5984    0.6627    0.6289    0.2308   0.03541   0.01651         0
     45/59     5.21G   0.05756   0.03021         0   0.08776        69       640         1    0.4426    0.6383    0.2713   0.03444   0.01646         0
     46/59     5.21G   0.06581   0.03851         0    0.1043       100       640    0.9998    0.4444     0.641    0.2589   0.03495   0.01635         0
     47/59     5.21G   0.05451   0.02884         0   0.08335        63       640    0.7139    0.5548    0.6489    0.2669   0.03583   0.01633         0
     48/59     5.21G   0.06418    0.0319         0   0.09608        74       640    0.6666    0.6665    0.6543    0.2209   0.03669   0.01633         0
     49/59     5.21G   0.05892   0.03188         0    0.0908        87       640    0.8332    0.5552    0.6752      0.24    0.0359   0.01635         0
     50/59     5.21G   0.06556   0.02804         0    0.0936        73       640    0.8545    0.6544    0.7104    0.2546   0.03446   0.01639         0
     51/59     5.21G   0.05566   0.03137         0   0.08703        73       640    0.8326    0.5531    0.6731    0.2332   0.03293   0.01644         0
     52/59     5.21G   0.05967   0.02964         0   0.08931        76       640    0.6206    0.5556    0.6374    0.2209   0.03181   0.01641         0
     53/59     5.21G   0.05631   0.03156         0   0.08786        81       640    0.4371    0.7778    0.5941    0.1956   0.03218   0.01633         0
     54/59     5.21G   0.05061   0.03474         0   0.08535        89       640    0.4652    0.7778    0.5933    0.2142   0.03173   0.01623         0
     55/59     5.21G   0.05804   0.03076         0   0.08879        79       640    0.4324    0.7778    0.6001    0.2041   0.03269   0.01599         0
     56/59     5.21G   0.05662   0.02894         0   0.08556        76       640    0.7994    0.4432     0.618    0.2124   0.03274   0.01592         0
     57/59     5.21G   0.05289   0.03249         0   0.08538        92       640    0.3679    0.7778    0.5944    0.2193   0.03076   0.01604         0
     58/59     5.21G   0.04717   0.03118         0   0.07835        71       640    0.3748    0.9992    0.5856    0.2184   0.03008   0.01599         0
     59/59     5.21G   0.04699   0.02855         0   0.07554        65       640    0.6225    0.5504    0.6197    0.2522    0.0297   0.01584         0
